play_duration: 14.722303807103048,22.03859212491094,99
comment_stay_duration: 9.68120257882767,18.1690589855646,99
complete_play_cnt: 2.308461515954914,10.046427448090409,99
